8 27
1 2 4 5 10 11 13 14
2 3 5 6 11 12 14 15
4 5 7 8 13 14 16 17
5 6 8 9 14 15 17 18
10 11 13 14 19 20 22 23
11 12 14 15 20 21 23 24
13 14 16 17 22 23 25 26
14 15 17 18 23 24 26 27
